r: 369 , T = Smallest , k = 2, silhouette = 0.626278 execution time = 0.268356 secs.
r: 369 , T = Largest , k = 40, silhouette = 0.633715 execution time = 0.008234 secs.
r: 369 , T = Random , k = 32, silhouette = 0.568047 execution time = 0.005388 secs.
