r: 369 , T = 0 , k = 35, silhouette = 0.589501 execution time = 0.121007 secs.
r: 369 , T = 1 , k = 30, silhouette = 0.570338 execution time = 0.120527 secs.
r: 369 , T = 2 , k = 23, silhouette = 0.591122 execution time = 0.111059 secs.
